0.840
0.394
0.783
0.798
0.912
0.198
0.335
0.768
0.278
0.554
0.477
0.629
0.365
0.513
0.952
0.916
0.636
0.717
0.142
0.607
0.016
0.243
0.137
0.804
0.157
0.401
0.130
0.109
0.999
0.218
0.513
0.839
0.613
0.296
0.638
0.524
0.494
0.973
0.293
0.771
0.527
0.770
0.400
0.892
0.283
0.352
0.808
0.919
0.070
0.949
0.526
0.086
0.192
0.663
0.890
0.349
0.064
0.020
0.458
0.063
0.238
0.971
0.902
0.851
0.267
0.540
0.375
0.760
0.513
0.668
0.532
0.039
0.438
0.932
0.931
0.721
0.284
0.739
0.640
0.354
0.688
0.166
0.440
0.880
0.829
0.330
0.229
0.893
0.350
0.687
0.956
0.589
0.657
0.859
0.440
0.924
0.398
0.815
0.684
0.911
0.482
0.216
0.950
0.920
0.148
0.881
0.641
0.432
0.620
0.281
0.786
0.307
0.447
0.226
0.188
0.276
0.556
0.417
0.170
0.907
0.103
0.126
0.495
0.760
0.985
0.935
0.684
0.383
0.750
0.369
0.294
0.232
0.584
0.244
0.152
0.732
0.125
0.793
0.164
0.745
0.075
0.950
0.053
0.522
0.176
0.240
0.798
0.733
0.657
0.967
0.639
0.760
0.093
0.135
0.520
0.078
0.070
0.205
0.461
0.820
0.573
0.756
0.052
0.158
1.000
0.204
0.890
0.125
0.998
0.054
0.871
0.072
0.004
0.923
0.594
0.180
0.163
0.392
0.913
0.820
0.359
0.552
0.579
0.453
0.687
0.100
0.531
0.757
0.304
0.992
0.577
0.878
0.748
0.629
0.035
0.748
0.833
0.925
0.873
0.831
0.979
0.744
0.903
0.984
0.667
0.497
0.164
0.830
0.889
0.077
0.650
0.248
0.629
0.229
0.701
0.317
0.329
0.231
0.074
0.633
0.224
0.651
0.511
0.971
0.280
0.546
0.719
0.113
0.471
0.593
0.944
0.451
0.336
0.848
0.435
0.003
0.345
0.598
0.833
0.234
0.675
0.483
0.482
0.305
0.712
0.183
0.622
0.041
0.414
0.696
0.674
0.638
0.347
0.185
0.609
0.627
0.731
0.328
0.740
0.202
0.921
0.685
0.653
0.257
0.532
0.088
0.260
0.877
0.686
0.094
0.111
0.362
0.577
0.593
0.667
0.289
0.776
0.288
0.330
0.190
0.984
0.004
0.827
0.331
0.188
0.436
0.959
0.919
0.765
0.699
0.121
0.686
0.384
0.774
0.943
0.916
0.862
0.204
0.794
0.548
0.297
0.905
0.910
0.874
0.498
0.576
0.163
0.274
0.865
0.492
0.464
0.849
0.496
0.291
0.180
0.684
0.728
0.139
0.603
0.492
0.838
0.724
0.178
0.222
0.499
0.121
0.138
0.360
0.325
0.932
0.908
0.622
0.837
0.818
0.496
0.335
0.394
0.659
0.609
0.259
0.151
0.073
0.108
0.647
0.364
0.288
0.331
0.091
0.427
0.934
0.584
0.265
0.659
0.762
0.487
0.157
0.883
0.626
0.518
0.208
0.558
0.426
0.830
0.394
0.244
0.326
0.729
0.639
0.985
0.338
0.898
0.136
0.411
0.005
0.783
0.774
0.294
0.115
0.866
0.721
0.049
0.449
0.986
0.708
0.211
0.474
0.865
0.094
0.100
0.383
0.302
0.657
0.809
0.132
0.052
0.053
0.458
0.781
0.692
0.443
0.119
0.590
0.579
0.530
0.595
0.362
0.304
0.889
0.477
0.170
0.610
0.526
0.619
0.596
0.234
0.830
0.070
0.099
0.924
0.170
0.482
0.225
0.827
0.291
0.357
0.878
0.344
0.815
0.659
0.036
0.257
0.778
0.626
0.836
0.308
0.221
0.198
0.612
0.110
0.675
0.782
0.719
0.200
0.401
0.316
0.434
0.231
0.386
0.533
0.155
0.555
0.015
0.380
0.382
0.305
0.737
0.260
0.650
0.552
0.920
0.686
0.810
0.698
0.312
0.646
0.006
0.533
0.844
0.618
0.643
0.519
0.401
0.362
0.719
0.802
0.678
0.153
0.033
0.064
0.686
0.188
0.619
0.700
0.568
0.001
0.006
0.305
0.262
0.655
0.858
0.181
0.341
0.667
0.879
0.653
0.313
0.885
0.186
0.157
0.503
0.829
0.676
0.904
0.191
0.395
0.706
0.869
0.547
0.739
0.932
0.233
0.927
0.551
0.933
0.494
0.553
0.939
0.800
0.814
0.594
0.657
0.995
0.936
0.325
0.874
0.589
0.638
0.759
0.775
0.795
0.263
0.604
0.471
0.167
0.795
0.865
0.873
0.664
0.412
0.612
0.597
0.646
0.539
0.148
0.579
0.033
0.701
0.518
0.833
0.515
0.113
0.490
0.510
0.048
0.814
0.385
0.638
0.452
0.144
0.413
0.247
0.407
0.017
0.718
0.574
0.813
0.583
0.447
0.477
0.995
0.059
0.074
0.641
0.597
0.223
0.220
0.630
0.924
0.738
0.463
0.439
0.851
0.953
0.949
0.899
0.767
0.334
0.537
0.219
0.478
0.950
0.466
0.884
0.967
0.184
0.458
0.780
0.766
0.905
0.258
0.762
0.964
0.332
0.402
0.561
0.554
0.622
0.191
0.478
0.360
0.654
0.917
0.211
0.607
0.865
0.110
0.374
0.199
0.647
0.593
0.677
0.596
0.059
0.561
0.564
0.243
0.019
0.344
0.009
0.924
0.601
0.771
0.887
0.933
0.173
0.448
0.488
0.795
0.639
0.966
0.155
0.293
0.882
0.366
0.899
0.748
0.476
0.273
0.947
0.122
0.866
0.623
0.719
0.925
0.184
0.282
0.167
0.203
0.626
0.176
0.127
0.228
0.947
0.014
0.161
0.120
0.462
0.649
0.915
0.101
0.614
0.071
0.394
0.496
0.437
0.293
0.244
0.912
0.566
0.191
0.035
0.432
0.814
0.753
0.356
0.998
0.036
0.524
0.201
0.662
0.700
0.328
0.889
0.647
0.341
0.050
0.767
0.803
0.699
0.682
0.904
0.313
0.752
0.298
0.809
0.189
0.591
0.053
0.101
0.157
0.244
0.136
0.589
0.058
0.890
0.946
0.056
0.925
0.469
0.257
0.587
0.169
0.585
0.476
0.816
0.926
0.527
0.582
0.729
0.225
0.264
0.634
0.538
0.017
0.932
0.348
0.206
0.523
0.401
0.307
0.680
0.645
0.443
0.269
0.703
0.333
0.215
0.759
0.258
0.684
0.016
0.845
0.852
0.601
0.321
0.668
0.527
0.848
0.250
0.256
0.073
0.514
0.890
0.611
0.531
0.821
0.959
0.737
0.344
0.360
0.044
0.024
0.005
0.487
0.293
0.708
0.820
0.507
0.467
0.078
0.191
0.484
0.923
0.043
0.084
0.245
0.711
0.611
0.093
0.962
0.867
0.166
0.476
0.757
0.778
0.007
0.579
0.736
0.744
0.923
0.096
0.788
0.946
0.101
0.275
0.239
0.810
0.095
0.747
0.277
0.173
0.938
0.761
0.097
0.981
0.845
0.342
0.692
0.457
0.434
0.654
0.324
0.600
0.130
0.081
0.378
0.137
0.660
0.114
0.881
0.582
0.211
0.668
0.529
0.312
0.943
0.768
0.122
0.038
0.515
0.399
0.212
0.453
0.160
0.308
0.434
0.005
0.650
0.126
0.462
0.084
0.780
0.786
0.685
0.910
0.867
0.063
0.047
0.527
0.177
0.928
0.110
0.388
0.596
0.638
0.700
0.539
0.407
0.822
0.578
0.922
0.222
0.789
0.374
0.382
0.097
0.808
0.387
0.747
0.934
0.849
0.831
0.714
0.635
0.516
0.625
0.502
0.579
0.672
0.029
0.756
0.600
0.139
0.144
0.196
0.777
0.844
0.735
0.184
0.667
0.313
0.106
0.888
0.102
0.480
0.270
0.200
0.288
0.658
0.947
0.222
0.507
0.778
0.936
0.142
0.295
0.561
0.645
0.873
0.233
0.674
0.629
0.833
0.813
0.773
0.028
0.590
0.618
0.764
0.774
0.284
0.077
0.880
0.173
0.179
0.360
0.443
0.379
0.648
0.101
0.326
0.869
0.608
0.104
0.806
0.750
0.399
0.367
0.394
0.272
0.600
0.068
0.902
0.432
0.881
0.675
0.461
0.472
0.292
0.224
0.246
0.577
0.301
0.126
0.749
0.480
0.486
0.192
0.859
0.133
0.293
0.185
0.003
0.901
0.289
0.809
0.650
0.688
0.175
0.045
0.960
0.775
0.113
0.861
0.207
0.994
0.536
0.668
0.466
0.829
0.892
0.712
0.405
0.193
0.838
0.155
0.674
0.324
0.347
0.533
